9,9,1
1.9888959877114751:1.1713694063264486,0.2131550943633837,-1.4389857774549193,-2.3761064404471623,1.4125388307828852,1.7962657856192086,3.98673652586089,-0.710563267563527,-4.693733927431782
-0.5537104997469708:4.353881179541187,-3.7749306975412615,3.9092173844936307,-1.5574066495330294,-1.9867317023123854,2.4016056161982515,0.19093366894771083,2.583574894805702,-0.7814428807197851
-3.718402720378594:0.21375589104869108,-0.5952570280952669,3.163222183572866,-2.0666315462205604,1.8466894347641758,2.5737190736563127,0.09083797921525782,-1.7152005515495705,-1.9147906116034963
-1.1774113223565559:0.9684176432281265,1.2633322113651906,0.9105205858738161,0.9952880033669778,2.428832023642873,1.1378171183057832,1.2346794709653666,1.614577823722882,-0.5727461748243102
-4.240095691598348:5.619686966308787,2.496099436318761,4.236594219999468,-4.089909848411157,-8.583782402447191,7.909784634413837,3.709149525845639,-0.1221209138110586,-1.7739191236891263
-0.45644848049775455:0.7525477703501269,0.4416094908434702,0.5151634042799693,0.6494784464984971,-0.21066540646710413,0.9328293326003011,0.4934365894119864,-0.5075989699963754,0.2534248521563641
2.000438515839109:-0.18715599814429473,-4.079321241532847,3.0082374216290035,1.6554995963981736,1.2134208468740142,-0.7234607792621472,0.9168360804604427,-0.5284806911574953,3.6316017295618748
0.9920544697574241:-0.15133215482382756,0.9977877837645512,-0.06456539820799904,-1.0288035250624143,0.9008138652841244,0.6826185088601288,0.8553527568600676,0.21975379677495055,1.0495630337690707
3.8437737235828924:-2.429075885974877,3.0482320934712477,-9.512832982617503,-8.273686259303359,1.5413233764892178,-2.2156195050047747,-7.2849426757667315,5.202236097167509,-0.9365606034293558
2.4821899389695874:2.1743832447567346
-2.9564446473766672:-3.2541845089551904
3.2605627963240384:-0.20795953070592393
2.605813320828736:3.154050922464929
-0.4579599997104075:2.349414728456047
2.653465191369256:4.365018317781122
0.6373485836872791:1.7163198231060346
0.711515408592374:0.8702577537323323
-1.7351499679943323:1.24799151515672
2.902919261517124
